A,2017 03 10 10 15 00,10,MALL1
A,2017 03 10 10 35 00,11,MALL1
A,2017 03 10 10 47 00,12,MALL1
A,2017 03 10 11 13 00,18,MALL2
A,2017 03 10 11 19 00,18,MALL2
A,2017 03 10 11 49 00,13,MALL1
A,2017 03 10 11 58 00,13,MALL1
A,2017 03 10 12 13 00,16,MALL2
A,2017 03 10 12 26 00,22,MALL3
A,2017 03 10 12 33 00,22,MALL3
A,2017 03 10 12 42 00,24,MALL3
A,2017 03 10 12 48 00,11,MALL1
A,2017 03 10 12 49 00,12,MALL1
B,2017 03 10 10 05 00,14,MALL1
B,2017 03 10 10 25 00,14,MALL1
B,2017 03 10 11 08 00,23,MALL3
B,2017 03 10 11 39 00,19,MALL2
C,2017 03 10 11 13 00,23,MALL3
C,2017 03 10 11 32 00,10,MALL1
